%YAML:1.0
---
Date: "Fri Jul 23 17:23:57 2021\n"
FrameWidth: 1920
FrameHeight: 1080
CameraMatrix: !!opencv-matrix
   rows: 3
   cols: 3
   dt: d
   data: [ 1.7084553934190224e+03, 0., 8.7222499809355202e+02, 0.,
       1.2787870991072430e+03, 5.5679803246704967e+02, 0., 0., 1. ]
DistortionCoeffs: [ -2.3848078689012822e-01, 3.2889029218322099e+00,
    -2.0474728203992445e+01, 4.7210632074976793e+01 ]
